1031063502889545467
1500877914312149597
1954104885296038135
1243024740728696965
2147301921736250135
564400744258078344
1365058800284197292
899364496096810415
362997499356490238
1903036235198009703
602313330373628482
2203685782339479754
2133810209284439754
1271729367385624896
1566716267215197319
1202360009368663669
2311480624558961298
1621106510672232464
918966163740356541
1380596457090351032
217427302943122435
1625218492663699908
1713833000908630857
348987699116372205
1158604592612858630
1998768729451360738
972294092938952312
104818328568643282
1488535076651619496
2130769623292855446
916226606647177755
1905338428956079773
1155217941404219095
1569797308872342052
9437857137681480
844845443473132104
533754577419091401
411362067256682127
1813745077495993862
234303006863338005
336907872351336
363500196894646822
1216921835095177663
323669857210848015
130995446749959813
1907611399869935967
563078640314906757
306738177211297483
2038036141150770601
444659094628065286
2138387314871811232
1046143148150743005
277884914443557774
597186496462043790
833747744003148313
434721033139245047
610265745445286043
236309800145786670
1802542266365924505
1178885872839228064
1069373209735667024
1165262125677292983
2192164317236009165
2272946746959962987
315269885300570499
784576764936953181
871067166571166376
1930212094026028194
851168584767388540
1702352890460043690
163351121156337606
1915761666400801743
424066793630929036
1101680194476026315
964104986838818962
784042295961818277
25399728202784650
339083603790589106
81398744670500124
172103703059704333
797431168799977595
1436105776659920233
615183356886572872
1831706661292257965
860774328309120245
337540857035684623
272137234808450716
1304249252453416830
2237070851575033499
1726117770302914173
2265856332764114657
373294017497081093
2265497138920936087
1138947262914777521
547389744400704138
1105771294043090766
1241245052001100952
970928551850623190
