465025216432594428
1904729630305909856
997761356294806598
542772061639667135
187662789806879427
16255727329737055
365470739073835176
977406883832394558
1566835515448088961
1544530064088031599
331144787108414729
282977505673351166
269297975112463603
1490968241269197713
2129866517371917610
452060418037636291
2193226447439184491
1101212859582428767
1607759571160390738
1845632485850805702
2311491208045844936
901712927976976874
899169601987459174
16761442630683416
793851491192607530
228830482246669267
70032453494622169
1083557063738988522
1888120321476182510
31032477599334181
807717899901079781
303743435979396980
874390122744187840
767244068967747576
1398660644859388157
1206629095079278490
20044329013249245
1208594208478553484
2187526653466417738
2165996902859942346
203414077188185023
648833405962402991
910053697740348356
1750602409113105096
1587115761641302050
1195501620209020389
432577335875323581
1493386964324025368
507197921698472177
919756999709212979
2253118611488306097
31398296608187353
2076226274305071438
170278697890112041
1921690178058557985
1487474170726303530
1477864020356352372
196700768671059252
1102798115785962848
1398411084979066404
1486940488184296332
361578187705850467
253566898262511310
447132561885955880
1245117712030489810
1964007823461271314
645240015731358035
1443479900183088318
1603373574506176206
1841151210038695710
757137405480374038
2040493900134553070
2071558981974099809
65900641971966748
763111154901409297
563891962699723513
2014027653436265913
1934080199797156959
1426356502103862069
242617597322504123
1680184068300345135
1755050848901007830
1270928642018523132
604271277177712803
1046695717004815330
370084234375491078
1595373336455863346
1273578693924162805
1166193606060030262
385730812165433111
695938197900855902
2239012707518772894
1100685276845351080
2205140670615518503
1777981549050355742
2099817743401374899
554974928190672459
1719862964113187880
520644886211304184
1896740384708343378
504577270931233806
986878263055926792
953400564439631496
1693018819319889515
1270111267116676625
252457294894494678
215598263091817236
1112811636426112466
557873498044279735
1701831250804086872
1759206724736017039
1403440372695418881
255985838888766677
88316987213536397
528532367647453027
342362130639195648
160438787983774706
751840265308782180
1120269593132560782
2194333601256890983
1698661742066324344
2015904452935609462
2142671687764279979
749954561238099070
1845897948522251577
446368726507554825
1654805300011196653
2279099631356510169
1005702406786365271
1678978458097704137
1444362729096640684
1759378676047327812
1648784758893843552
1258372689583443493
1258777449123456299
1352914153272351385
113447744037244734
1833725459353796530
1418084073014443807
2077698983686710780
1286827011384013246
1708195096235201853
813826950352830069
775104179437529816
2133670249195720843
2233102447073948341
914883948482904573
1397193116979466795
860774328309120245
547912586853530821
900262331486021490
2033083009433270367
271693983076385389
1547669388507286249
1712042050492838128
1921804064717766756
1421565380971154860
970928551850623190
